#
12;13;5000;960
// Items
$
522,680
661,654
908,592
788,624
208,426
595,132
412,446
1270,607.5
1911.25,200
1131.25,253.75
2223.75,31.25
2517.5,261.25
3127.5,235
// Obstacles
97.571,606.714;498.429,639.786;466.179,672.714;257.286,696.821
1039.46,164.786;1146.96,109.786;1279.46,172.286;1059.46,192.286;1046.96,237.286
612.404,530.024;972.083,341.238;1048.37,541.096;641.619,572.631;627.012,551.327
491.571,224.857;729.571,231.857;663.571,264.857;560.143,260.571
-29.7143,600.071;339.571,798.071;440.445,932.214;-11.131,938.143;-20.4227,769.107
1423.89,285.286;1548.89,229.286;1461.39,325.536;1361.39,325.536;1361.39,225.536
1061.5,266.75;1278.75,379.75;1284.5,436.75
487.846,793.242;511.29,821.242;1042.57,681.825;1023.82,653.825
1671.9,864.107;1630.09,868.739;1592.61,877.857;1562.07,873.568;1534.4,864.71;1481.16,865.7;1419.4,870.357;1385.14,885.7;1314.4,879.96;1262.98,867.318;1214.2,837.357;1202.47,762.489;1196.9,734.107;1172.47,694.475;1181.2,606.607;1241.73,674.646;1344.4,655.004;1335.14,543.764;1380.65,556.607;1436.16,562.514;1511.15,630.504;1578.32,707.146;1711.36,737.857;1811.34,734.475;1835.99,767.416;1803.95,803.886;1763.55,845.872;1725.22,847.489;1700.44,857.048
2097.14,220.357;2397.14,220.357;2392.14,342.857;2097.14,320.357
2220.89,692.5;2306.61,795;3055.71,175.357
1577.57,565.036;1887.57,577.036;1821.57,497.036;2037.57,477.036;1850.07,411.036;1653.57,289.036;1561.57,417.036;1643.57,431.036;1635.57,469.036
